-0.427585897679558 0.0375154645955638 -0.0406794194409728 0.0375154645955638 -0.63505093682852 -0.00813588388819456 -0.0406794194409728 -0.00813588388819456 -0.224188800474694
14.4544936517162 -15.2381270448892 0.799520755116761 -15.2381270448892 6.8856685440668 -1.08678143458675 0.799520755116761 -1.08678143458675 0.727383544128783
9.0298534976236 -9.99894504732744 0.330312539033408 -9.99894504732744 3.99346112005999 -0.700821842076173 0.330312539033408 -0.700821842076173 0.364829325519703
4.25920692461667 -4.73610654165869 0.191115410370987 -4.73610654165869 1.25425043736494 -0.353341281964964 0.191115410370987 -0.353341281964964 0.0266672665633935
-4.49916741655324 4.5074387895997 -0.387375971009537 4.5074387895997 -2.40191482854905 0.30741936489369 -0.387375971009537 0.30741936489369 -0.56429145005897
-8.20473444889841 8.8207784369497 -0.557195206781796 8.8207784369497 -3.52765749943244 0.68797027626956 -0.557195206781796 0.68797027626956 -0.797727923875362
-11.5951097521952 12.8717488007138 -0.859951656474203 12.8717488007138 -4.4084387069475 1.02748086990433 -0.859951656474203 1.02748086990433 -1.04836269820724
16.598624785099 -1.36979140420148 1.01327035379288 -1.36979140420148 24.2573006677324 0.171733824052658 1.01327035379288 0.171733824052658 1.81360708251334
10.9622833191699 -0.723920385631179 0.892863299430754 -0.723920385631179 14.6866298538816 0.168942913799575 0.892863299430754 0.168942913799575 1.02675055861692
5.03565387881732 -0.215027053322177 0.399460826700142 -0.215027053322177 6.66277932499307 0.066431122164575 0.399460826700142 0.066431122164575 0.351385672502094
-5.18475720878537 0.536321974741899 -0.406446095840986 0.536321974741899 -7.58232199482668 -0.074748707281101 -0.406446095840986 -0.074748707281101 -0.834382445025289
-9.57136585681034 0.7832960258977 -0.733103304583245 0.7832960258977 -13.7807977347399 -0.15588700946701 -0.733103304583245 -0.15588700946701 -1.30742386577749
-13.5527092129095 1.19147434379037 -0.968726944512117 1.19147434379037 -19.5374883299828 -0.186868623555578 -0.968726944512117 -0.186868623555578 -1.83330577616259
18.2271360919903 -1.22302203691552 2.29762283170853 -1.22302203691552 24.9405815189626 0.419687219892112 2.29762283170853 0.419687219892112 11.0048731952874
11.2043923394016 -0.525454685741714 1.48368479252944 -0.525454685741714 15.8007939338695 0.218837382717606 1.48368479252944 0.218837382717606 6.95216968827498
4.98954545336958 -0.270750528477419 0.397530537843829 -0.270750528477419 7.40309302151114 0.0528608174646389 0.397530537843829 0.0528608174646389 3.07108456587244
-5.52147686571502 0.475440717641354 -0.680625922457602 0.475440717641354 -7.7718645981673 -0.129190684513934 -0.680625922457602 -0.129190684513934 -3.2639646469844
-10.054984726375 0.87373937310827 -1.12409163640756 0.87373937310827 -14.2700790080594 -0.197987746075333 -1.12409163640756 -0.197987746075333 -6.0074568998072
-14.1701719748485 1.20866617169707 -1.55347613150156 1.20866617169707 -20.1622260866558 -0.325973603881937 -1.55347613150156 -0.325973603881937 -8.47217430827659