-0.520359392190284 0.141621918558787 -0.0169946302270544 0.141621918558787 -0.162662889316092 -0.0485560863630125 -0.0169946302270544 -0.0485560863630125 -0.564869138023046
12.120103019695 2.10919775671001 -1.6444592679434 2.10919775671001 0.351340759911235 -0.0538158713211958 -1.6444592679434 -0.0538158713211958 1.7732329600334
7.31984938544127 1.2375763308505 -0.787370781922265 1.2375763308505 0.0621917309118928 0.0547600146394025 -0.787370781922265 0.0547600146394025 0.994676551628575
3.0410491376429 0.704259711321201 -0.545104974299461 0.704259711321201 -0.0171091342298371 0.0604788000682614 -0.545104974299461 0.0604788000682614 0.319503134571144
-3.99650338168423 -0.2665706836162 0.223787734393847 -0.2665706836162 -0.169897673354152 -0.155499565442783 0.223787734393847 -0.155499565442783 -1.29500696299969
-7.33630369369683 -0.824947406113293 0.682787184076537 -0.824947406113293 -0.218675870956539 -0.315261198281512 0.682787184076537 -0.315261198281512 -1.8104522394681
-10.2748669841538 -1.12970853915254 0.938095695542986 -1.12970853915254 -0.168245423657166 -0.467348399047683 0.938095695542986 -0.467348399047683 -2.52580566576225
17.0695705190049 -4.45153423243416 0.518554438888966 -4.45153423243416 6.57651189433197 -0.302003183775475 0.518554438888966 -0.302003183775475 4.52201381462118
11.1529597800805 -2.6437093528943 -0.0226862930740357 -2.6437093528943 4.20150147731142 -0.218922728164445 -0.0226862930740357 -0.218922728164445 2.53557135590806
4.73066827485096 -1.19528505331814 -0.0172152348104741 -1.19528505331814 1.93514889483193 -0.0328654482745415 -0.0172152348104741 -0.0328654482745415 1.26258097121363
-5.53863005386206 1.34377545594343 0.265994768123255 1.34377545594343 -2.1768911447823 0.0999571534299654 0.265994768123255 0.0999571534299654 -1.85861753072287
-10.2621858903179 2.66967188515807 0.0181463374618286 2.66967188515807 -3.88547649510058 0.0531428454239266 0.0181463374618286 0.0531428454239266 -3.51606891105622
-14.870473736862 3.6072073749405 0.137846534610019 3.6072073749405 -5.46702032895075 0.21814548681003 0.137846534610019 0.21814548681003 -4.32766741829059
21.5843314987583 -4.92696009041525 0.540154686718528 -4.92696009041525 8.98939514595408 1.90320398929855 0.540154686718528 1.90320398929855 23.3841532808365
13.6331993729762 -3.28878091040321 0.845404561653993 -3.28878091040321 5.49750540935483 1.14146063382854 0.845404561653993 1.14146063382854 14.6496585541088
6.22538810693667 -1.41582276951529 -0.0146199090330383 -1.41582276951529 2.65851503732355 0.49053642150326 -0.0146199090330383 0.49053642150326 6.52817411769986
-6.62931265615728 1.50223600886432 -0.118205946918846 1.50223600886432 -2.67196464186341 -0.584651715875586 -0.118205946918846 -0.584651715875586 -7.13997935489661
-11.9927411093697 2.87161457879034 -0.322342308129139 2.87161457879034 -4.91996154512897 -1.06926568970816 -0.322342308129139 -1.06926568970816 -13.1709424267559
-17.1208740085024 4.09250297426297 -0.592070935042737 4.09250297426297 -6.829425817186 -1.52467633984502 -0.592070935042737 -1.52467633984502 -18.5649837337689