-0.0448565015446698 0.0578216697652222 -0.0366601308305275 0.0578216697652222 0.725602345584709 0.154389819270026 -0.0366601308305275 0.154389819270026 -0.217427361307885
10.9473630351961 0.0765877336669577 -0.414661398256014 0.0765877336669577 -1.11890600250721 -0.237920474409188 -0.414661398256014 -0.237920474409188 4.75992009437049
1.49959417606742 2.20172802857753 -0.120587063955256 2.20172802857753 7.20074404991529 -0.586525153580532 -0.120587063955256 -0.586525153580532 10.6442975765641
7.15561910454721 0.68933942614502 -0.51927728940847 0.68933942614502 -0.512537499657621 -0.751251448274917 -0.51927728940847 -0.751251448274917 9.95733403004567
0.00909052024659422 0.0877756791023605 0.0382994049733559 0.0877756791023605 -0.0222047133892219 -0.00149024922075315 0.0382994049733559 -0.00149024922075315 -0.0415779532590129